%YAML:1.0
---
centroids: [ 1.8123028440872923e+02, 1.8304147955566063e+02,
    1.8059339793587017e+02, 1.4642363646103573e+02,
    1.4430616586694831e+02, 1.3222052329897224e+02,
    1.2112476740511885e+02, 1.2286080293508408e+02,
    9.4392172523961662e+01, 8.3839256452273659e+01,
    1.0066919295370749e+02, 4.8141117882015571e+01,
    7.2308015669267988e+01, 7.3836423888474087e+01,
    1.2264801423735055e+02, 3.8710383591361797e+01,
    3.0502613154521253e+01, 9.2468858328339650e+01,
    4.6720272112410214e+01, 3.8215815550778586e+01,
    5.3345671892203640e+01, 1.1981683354406589e+00,
    5.5816560161295836e-01, 1.7196254656050303e+00 ]
