%YAML:1.0
---
centroids: [ 1.3237194081011600e+02, 1.2695077631055122e+02,
    4.8011754306651104e+00, 1.2506712610959212e+02,
    1.1599531068579348e+02, 5.8008165099816478e-01,
    1.2022538458861200e+02, 9.8296751009327579e+01,
    9.7175535987748844e+00, 1.1381839174534507e+02,
    8.8402765192481951e+01, 1.3535120282949928e+00,
    1.5250000000000002e+01, 7.9981565513329560e+00,
    4.6795235394214412e-03, 6.1173051832522836e+00,
    3.0791127980073538e+00, 6.6492705491638004e-01,
    1.8693177230520792e+00, 7.8001614856681478e-01,
    9.2389987888574898e-01, 0., 5.8841652899586191e-02,
    8.7144291398186469e-02 ]
