%YAML:1.0
---
centroids: [ 1.6360961667787493e+02, 1.5855447209145930e+02,
    8.3616341627437791e+01, 1.2938493074792245e+02,
    1.2477056325023085e+02, 1.6976251154201293e+01,
    1.2053244342576750e+02, 9.9247102689091903e+01,
    2.4821803273396390e+00, 1.0779064182454599e+02,
    8.4713902274403935e+01, 6.7678820888728444e+00,
    1.6423112767940353e+01, 1.0094439266853060e+01, 0.,
    8.7082260003434655e+00, 4.9800789970805424e+00,
    2.0230121930276490e-01, 2.7547012351173916e+00,
    8.0199176588405474e-01, 9.0480694336263490e-01,
    4.5359385903698535e-03, 7.3013292938232943e-02,
    7.4557894916004286e-02 ]
