%YAML:1.0
---
centroids: [ 1.0465785123966941e+02, 9.4824815724815721e+01,
    2.9083716774625866e+01, 9.9037039641205155e+01,
    8.8301113449282056e+01, 2.1536680545022624e+00,
    8.7190497237569062e+01, 7.8168298723566394e+01,
    1.4192036578395886e+00, 7.4278729994837377e+01,
    6.0391778523489933e+01, 2.6078600929272069e+00,
    9.3666830678393495e+01, 8.8547266129528253e+01,
    6.3427824589458140e+01, 5.8554456344164095e+01,
    5.8194091486658195e+01, 5.2536758032310765e+01,
    4.2200335809318709e+01, 4.2536418885624073e+01,
    4.1046100779296623e+01, 1.0326644445956057e+00,
    6.3294333718794638e-01, 3.5423440582273313e-01 ]
