%YAML:1.0
---
centroids: [ 1.6906082498252155e+02, 1.5544138895362386e+02,
    1.0652668375670008e+02, 1.2922313062649275e+02,
    1.1087949135193301e+02, 1.8744009343586782e+01,
    1.1563875616979270e+02, 9.6347502467917082e+01,
    3.8893139190523200e+00, 1.0093939472875324e+02,
    8.1688763043965267e+01, 1.9837976107988142e+00,
    1.7401416765053128e+01, 9.1909681227863036e+00,
    5.9031877213695393e-04, 9.3153110047846894e+00,
    4.9212121212121209e+00, 1.5821371610845295e-01,
    2.8640432098765434e+00, 8.1250000000000000e-01,
    8.7227366255144034e-01, 8.9063428580606809e-03,
    1.4854077322154227e-01, 1.4911900287508634e-01 ]
