%YAML:1.0
---
centroids: [ 1.6553662822624932e+02, 2.0240369760205016e+02,
    2.0040106168771737e+02, 9.1681922379253294e+01,
    1.6079474554986345e+02, 1.6925080232025036e+02,
    1.2275499829887727e+02, 1.4305415574279024e+02,
    1.0232443412652351e+02, 7.0203719761453925e+01,
    9.7374082004636435e+01, 1.1002295209612629e+02,
    6.0098716085271320e+01, 1.3669877664728682e+02,
    3.8289268410852713e+01, 3.9161951372580781e+01,
    1.0699814256215079e+02, 3.5557636245849871e+00,
    5.7647338117131440e+01, 5.3169015597473468e+01,
    3.3934430455893093e+01, 1.2268667470313561e+00,
    8.3366172008147310e-01, 1.8517132920425100e-01 ]
