%YAML:1.0
---
centroids: [ 1.0653337601117383e+02, 1.0286562299947622e+02,
    1.4502810917767559e+02, 5.8272324238526586e+01,
    7.3302208478147833e+01, 1.7137150050628063e+02,
    3.3502621188960063e+01, 5.3069848355543890e+01,
    1.7505309900497980e+02, 2.1702545213595258e+01,
    2.6101691612098534e+01, 1.5413827174929841e+02,
    2.5615446207599359e+01, 1.4627893434269909e+01,
    1.0774137429028971e+02, 2.6661545332737830e+01,
    9.1329164805716836e+00, 4.5791156766413579e+01,
    7.4354870066748751e+00, 4.6153846153846151e-01,
    6.1897479100511950e+00, 1.1510240414589933e-01,
    5.4270773644131631e-02, 7.2484764612817554e-02 ]
