%YAML:1.0
---
centroids: [ 1.4579389754348867e+02, 1.3995656914410321e+02,
    1.3145908843110368e+02, 6.2417843413184954e+01,
    1.0679030997093854e+02, 1.5379815494772711e+02,
    5.2528902255639103e+01, 6.4884812030075196e+01,
    1.1729591407089153e+02, 2.4916466542953824e+01,
    4.7569771703026802e+01, 1.4686382490994433e+02,
    1.0092709291628334e+02, 9.4569085698110527e+01,
    9.9089077206142520e+01, 2.3375749573090822e+01,
    3.1810819665620905e+01, 8.9135280568682731e+01,
    4.0180266220975348e+01, 5.9942995284426672e+01,
    3.8188049901510176e+01, 2.8654328427846574e+00,
    2.5644647057679970e+00, 3.4408425513715271e+00 ]
