%YAML:1.0
---
centroids: [ 7.2087767358550209e+01, 6.9778632388578657e+01,
    1.8578266252238961e+02, 2.3683249246786588e+01,
    1.5003422886991247e+01, 1.7399129124846237e+02,
    1.6690167488440803e+01, 2.3565873031099516e+00,
    1.3365062640293152e+02, 1.8996133008638264e+01,
    1.7596873091292726e+00, 1.0534910008170259e+02,
    1.7217626321974149e+02, 1.7671523697610652e+02,
    2.4254739522130825e+02, 1.1782731437811614e+02,
    7.9578223959035171e+01, 1.2080959439428648e+02,
    6.6370565786440594e+01, 2.9970622134569577e+01,
    1.1349199600440539e+02, 1.3555181279310591e+00,
    2.1467255457423762e-01, 8.9715999714333317e-01 ]
