%YAML:1.0
---
centroids: [ 8.3462387412431895e+01, 1.3105384743689538e+02,
    1.1656096408317580e+02, 5.3217585345545373e+01,
    5.0796502914238133e+01, 1.7966301415487092e+02,
    2.3807416654591659e+01, 9.3252672291761876e+00,
    1.4116558177379983e+02, 3.5416263608190079e+01,
    1.3899319259396604e+01, 1.2385820464598839e+02,
    8.0057518878101405e+01, 4.9511024811218988e+01,
    1.1579909385113268e+02, 2.5223456773333695e+01,
    1.0602144673675048e+02, 5.0867375664685639e+01,
    3.0836678689038735e+01, 1.5582758350321468e+01,
    9.3274717735612356e+01, 1.7947342227797358e+00,
    6.3301132373894720e-01, 1.3190962824594534e+00 ]
